   273.14999999999998        3899342.0106170001       0.55583699547853915        0.0000000000000000       -0.0000000000000000        0.0000000000000000       -0.0000000000000000        7.2158598031817206E-003   0.0000000000000000     
   275.14999999999998        4790755.2363300221       0.55583699547853915        1.5554676107123555E-002  -3.4008949715741185E-002   3.4133153442389215E-002   0.0000000000000000        8.8516684152235500E-003   0.0000000000000000     
   276.05927034721418        5269830.7599630244       0.55583699547853915        2.2551853333437163E-002  -4.9307670615037033E-002   4.9569326765073668E-002   0.0000000000000000        9.7275278175273580E-003   0.0000000000000000     
   276.95643412756635        5796813.8359593274       0.55583699547853915        2.9410834907299732E-002  -6.4304238710714612E-002   6.4750222094865542E-002   0.0000000000000000        1.0688805417827137E-002   0.0000000000000000     
   277.84033161257196        6376495.2195552597       0.55583699547853915        3.6125074724942807E-002  -7.8984341514853104E-002   7.9658623659217928E-002   0.0000000000000000        1.1743957091342815E-002   0.0000000000000000     
   278.70983118685956        7014144.7415107861       0.55583699547853915        4.2688393459581947E-002  -9.3334468465584061E-002   9.4277976569593344E-002   0.0000000000000000        1.2902291246211346E-002   0.0000000000000000     
   279.56387075288637        7715559.2156618647       0.55583699547853915        4.9095270019645934E-002 -0.10734254817522133       0.10859306043475933        0.0000000000000000        1.4174054859598488E-002   0.0000000000000000     
   280.40151136336942        8487115.1372280512       0.55583699547853915        5.5341213186357895E-002 -0.12099876098358725       0.12259085471614059        0.0000000000000000        1.5570527178816754E-002   0.0000000000000000     
   281.22200339538887        9335826.6509508565       0.55583699547853915        6.1423213225017821E-002 -0.13429652636689821       0.13626159809247790        0.0000000000000000        1.7104121347555123E-002   0.0000000000000000     
   282.02486322135741        10269409.316045942       0.55583699547853915        6.7340256295086304E-002 -0.14723362765077999       0.14960000536144361        0.0000000000000000        1.8788494221526592E-002   0.0000000000000000     
   282.80995459959740        11296350.247650536       0.55583699547853915        7.3093858303193759E-002 -0.15981337923355335       0.16260654488519868        0.0000000000000000        2.0638664796898312E-002   0.0000000000000000     
   283.57756432046619        12425985.272415590       0.55583699547853915        7.8688542854792334E-002 -0.17204567158605127       0.17528860461897403        0.0000000000000000        2.2671142085903442E-002   0.0000000000000000     
   284.32845753426295        13668583.799657149       0.55583699547853915        8.4132161350617227E-002 -0.18394767111475910       0.18766131068999223        0.0000000000000000        2.4904063977676527E-002   0.0000000000000000     
   285.06389728160337        15035442.179622864       0.55583699547853915        8.9435950483724921E-002 -0.19554394587409965       0.19974775192868321        0.0000000000000000        2.7357349509254683E-002   0.0000000000000000     
   285.78561752386872        16538986.397585152       0.55583699547853915        9.4614259910110285E-002 -0.20686587014186605       0.21157844584718594        0.0000000000000000        3.0052867742110051E-002   0.0000000000000000     
   286.49574945153915        18192885.037343666       0.55583699547853915        9.9683959038450481E-002 -0.21795032741646644       0.22319005457797095        0.0000000000000000        3.3014626732949887E-002   0.0000000000000000     
   287.19671319009097        20012173.541078035       0.55583699547853915       0.10466361802116848      -0.22883791972494513       0.23462355892922968        0.0000000000000000        3.6268985750046306E-002   0.0000000000000000     
   287.89109531793900        22013390.895185839       0.55583699547853915       0.10957261240897172      -0.23957101002781539       0.24592222885701984        0.0000000000000000        3.9844893156062766E-002   0.0000000000000000     
   288.58153310463200        24214729.984704424       0.55583699547853915       0.11443029889345790      -0.25019192005178353       0.25712973034441966        0.0000000000000000        4.3774151740277295E-002   0.0000000000000000     
   289.27062008026542        26636202.983174868       0.55583699547853915       0.11925536066011133      -0.26074149896087512       0.26828860112697772        0.0000000000000000        4.8091713111119344E-002   0.0000000000000000     
   289.96083874641243        29299823.281492352       0.55583699547853915       0.12406535676669671      -0.27125813811139121       0.27943918225580111        0.0000000000000000        5.2836003099916207E-002   0.0000000000000000     
   290.65451898877927        32229805.609641589       0.55583699547853915       0.12887645912325291      -0.28177719598148543       0.29061897492724986        0.0000000000000000        5.8049280775951922E-002   0.0000000000000000     
   291.35381678328866        35452786.170605749       0.55583699547853915       0.13370333427423750      -0.29233073969807988       0.30186232931756712        0.0000000000000000        6.3778034395276850E-002   0.0000000000000000     
   292.06070675030657        38998064.787666328       0.55583699547853915       0.13855912177337459      -0.30294749775534657       0.31320035747296682        0.0000000000000000        7.0073418261675235E-002   0.0000000000000000     
   292.77698281719950        42897871.266432963       0.55583699547853915       0.14345546750851351      -0.31365293287661933       0.32466097559709578        0.0000000000000000        7.6991735030748409E-002   0.0000000000000000     
   293.50426261483540        47187658.393076256       0.55583699547853915       0.14840258105770096      -0.32446936741846921       0.33626900453483999        0.0000000000000000        8.4594968452677999E-002   0.0000000000000000     
   294.24399260920586        51906424.232383877       0.55583699547853915       0.15340929650677540      -0.33541611634309759       0.34804628036580604        0.0000000000000000        9.2951371945296624E-002   0.0000000000000000     
   294.99745208570511        57097066.655622266       0.55583699547853915       0.15848312436053688      -0.34650960071760512       0.36001174555751658        0.0000000000000000       0.10213611871893424        0.0000000000000000     
   295.76575491628518        62806773.321184494       0.55583699547853915       0.16363028803831736      -0.35776342750838980       0.37218150449845422        0.0000000000000000       0.11223201941319277        0.0000000000000000     
   296.54984860231883        69087450.653302953       0.55583699547853915       0.16885574241940549      -0.36918843012910907       0.38456883639787687        0.0000000000000000       0.12333031329957223        0.0000000000000000     
   297.35051047867336        75996195.718633249       0.55583699547853915       0.17416317460218475      -0.38079267010046935       0.39718416485366026        0.0000000000000000       0.13553153896547987        0.0000000000000000     
   298.16834126333026        83595815.290496573       0.55583699547853915       0.17955498901216302      -0.39258140449022516       0.41003498810168088        0.0000000000000000       0.14894648989535164        0.0000000000000000     
   299.00375640570263        91955396.819546223       0.55583699547853915       0.18503228067776040      -0.40455702748300737       0.42312577809405982        0.0000000000000000       0.16369725931895163        0.0000000000000000     
   299.85697597783678        101150936.50150086       0.55583699547853915       0.19059480222833483      -0.41671899822437025       0.43645786092257760        0.0000000000000000       0.17991837684624490        0.0000000000000000     
   300.72801422030642        111266030.15165095       0.55583699547853915       0.19624093228949363      -0.42906377171988169       0.45002929652972323        0.0000000000000000       0.19775803638352762        0.0000000000000000     
   301.61667031350316        122392633.16681604       0.55583699547853915       0.20196765551274706      -0.44158475517169399       0.46383478231316649        0.0000000000000000       0.21737941013652351        0.0000000000000000     
   302.52252262252796        134631896.48349765       0.55583699547853915       0.20777056825111356      -0.45427232038776166       0.47786561504502395        0.0000000000000000       0.23896203640516700        0.0000000000000000     
   303.44492949062493        148095086.13184741       0.55583699547853915       0.21364392835070770      -0.46711391264682894       0.49210975731442602        0.0000000000000000       0.26270325845027642        0.0000000000000000     
   304.38304089075609        162904594.74503216       0.55583699547853915       0.21958077424504122      -0.48009431108778572       0.50655207236084232        0.0000000000000000       0.28881967649842455        0.0000000000000000     
   305.33582666078644        179195054.21953538       0.55583699547853915       0.22557314594174585      -0.49319611187796275       0.52117481103182484        0.0000000000000000       0.31754855328760478        0.0000000000000000     
   306.30212932960649        197114559.64148891       0.55583699547853915       0.23161245279473339      -0.50640053231505056       0.53595846705852435        0.0000000000000000       0.34914908245222320        0.0000000000000000     
   307.28075204880361        216826015.60563782       0.55583699547853915       0.23769004588355083      -0.51968866228489730       0.55088315175184099        0.0000000000000000       0.38390338551551451        0.0000000000000000     
   308.27059583761269        238508617.16620159       0.55583699547853915       0.24379807223410327      -0.53304333194100340       0.56593069108196348        0.0000000000000000       0.42211704187958032        0.0000000000000000     
   309.27086496499828        262359478.88282174       0.55583699547853915       0.24993071196942135      -0.54645181662733333       0.58108771238421697        0.0000000000000000       0.46411887070162750        0.0000000000000000     
   310.28136534531495        288595426.77110392       0.55583699547853915       0.25608593050987088      -0.55990966791204622       0.59635007187834055        0.0000000000000000       0.51025956481141499        0.0000000000000000     
   311.30292862750935        317454969.44821429       0.55583699547853915       0.26226791730690746      -0.57342604566725441       0.61172908157155670        0.0000000000000000       0.56090861296380101        0.0000000000000000     
   312.33743421427613        349200466.39303571       0.55583699547853915       0.26848701378653145      -0.58702356052363980       0.62725158485310351        0.0000000000000000       0.61645662492802478        0.0000000000000000     
   313.39072921085693        384120513.03233927       0.55583699547853915       0.27477688186106236      -0.60077581133183267       0.64300328609014012        0.0000000000000000       0.67727712730975664        0.0000000000000000     
   314.47079633298785        422532564.33557320       0.55583699547853915       0.28118286777489487      -0.61478194372076123       0.65910047499745317        0.0000000000000000       0.74375282072155358        0.0000000000000000     
   315.59109067428693        464785820.76913053       0.55583699547853915       0.28778111807506135      -0.62920844550870059       0.67573889670966392        0.0000000000000000       0.81622889692408762        0.0000000000000000     
   316.77209948854056        511264402.84604353       0.55583699547853915       0.29468642807621709      -0.64430630669099542       0.69321520910450063        0.0000000000000000       0.89498776233183897        0.0000000000000000     
   318.04397411539094        562390843.13064790       0.55583699547853915       0.30206567270011081      -0.66044038480524314       0.71196341468871893        0.0000000000000000       0.98020439197479048        0.0000000000000000     
   319.44996607437776        618629927.44371271       0.55583699547853915       0.31015466678145348      -0.67812626852720159       0.73260153868289812        0.0000000000000000        1.0718837710344316        0.0000000000000000     
   321.04993146131721        680492920.18808401       0.55583699547853915       0.31927344930304391      -0.69806369532476265       0.75597672941732930        0.0000000000000000        1.1697891612480236        0.0000000000000000     
   322.92939061780089        748542212.20689237       0.55583699547853915       0.32986975395969442      -0.72123159607427845       0.78328693314764886        0.0000000000000000        1.2732748513042580        0.0000000000000000     
   325.20174361844045        823396433.42758167       0.55583699547853915       0.34251761420776133      -0.74888504512239051       0.81609475746050741        0.0000000000000000        1.3812087842510419        0.0000000000000000     
   328.01985815658145        905736076.77033985       0.55583699547853915       0.35795974893042098      -0.78264793286558954       0.85646520218883471        0.0000000000000000        1.4917389444892395        0.0000000000000000     
   331.58553273165825        996309684.44737387       0.55583699547853915       0.37712205147209604      -0.82454464476685463       0.90705051913682866        0.0000000000000000        1.6020802635892597        0.0000000000000000     
   336.16118478315371        1095940652.8921113       0.55583699547853915       0.40111654298702454      -0.87700651859605427       0.97117306615781307        0.0000000000000000        1.7082685200389847        0.0000000000000000     
   342.08280442588921        1205534718.1813226       0.55583699547853915       0.43121632825441292      -0.94281708749272286        1.0528742458236777        0.0000000000000000        1.8049217465180991        0.0000000000000000     
   349.77388694113642        1326088189.9994547       0.55583699547853915       0.46878886710919215       -1.0249661837390742        1.1569026540105349        0.0000000000000000        1.8850591122981086        0.0000000000000000     
   359.75867175974952        1458697008.9994004       0.55583699547853915       0.51517004290334323       -1.1263746003770683        1.2885941673496544        0.0000000000000000        1.9400724259842210        0.0000000000000000     
   372.68551702850488        1604566709.8993406       0.55583699547853915       0.57152608203366440       -1.2495921902363447        1.4537621437609458        0.0000000000000000        1.9597493450604695        0.0000000000000000     
   389.34009915183680        1765023380.8892746       0.55583699547853915       0.63861700831298651       -1.3962806794406313        1.6583105363092212        0.0000000000000000        1.9327770246697416        0.0000000000000000     
