   270.00000000000000     
   270.12000000000000     
   270.24000000000001     
   270.36000000000001     
   270.48000000000002     
   270.60000000000002     
   270.72000000000003     
   270.83999999999997     
   270.95999999999998     
   271.07999999999998     
   271.19999999999999     
   271.31999999999999     
   271.44000000000000     
   271.56000000000000     
   271.68000000000001     
   271.80000000000001     
   271.92000000000002     
   272.04000000000002     
   272.16000000000003     
   272.27999999999997     
   272.39999999999998     
   272.51999999999998     
   272.63999999999999     
   272.75999999999999     
   272.88000000000000     
   273.00000000000000     
   273.12000000000000     
   273.24000000000001     
   273.36000000000001     
   273.48000000000002     
   273.60000000000002     
   273.72000000000003     
   273.83999999999997     
   273.95999999999998     
   274.07999999999998     
   274.19999999999999     
   274.31999999999999     
   274.44000000000000     
   274.56000000000000     
   274.68000000000001     
   274.80000000000001     
   274.92000000000002     
   275.04000000000002     
   275.16000000000003     
   275.27999999999997     
   275.39999999999998     
   275.51999999999998     
   275.63999999999999     
   275.75999999999999     
   275.88000000000000     
   276.00000000000000     
   276.12000000000000     
   276.24000000000001     
   276.36000000000001     
   276.48000000000002     
   276.60000000000002     
   276.72000000000003     
   276.83999999999997     
   276.95999999999998     
   277.07999999999998     
   277.19999999999999     
   277.31999999999999     
   277.44000000000000     
   277.56000000000000     
   277.68000000000001     
   277.80000000000001     
   277.92000000000002     
   278.04000000000002     
   278.16000000000003     
   278.27999999999997     
   278.39999999999998     
   278.51999999999998     
   278.63999999999999     
   278.75999999999999     
   278.88000000000000     
   279.00000000000000     
   279.12000000000000     
   279.24000000000001     
   279.36000000000001     
   279.48000000000002     
   279.60000000000002     
   279.72000000000003     
   279.83999999999997     
   279.95999999999998     
   280.07999999999998     
   280.19999999999999     
   280.31999999999999     
   280.44000000000000     
   280.56000000000000     
   280.68000000000001     
   280.80000000000001     
   280.92000000000002     
   281.04000000000002     
   281.16000000000003     
   281.27999999999997     
   281.39999999999998     
   281.51999999999998     
   281.63999999999999     
   281.75999999999999     
   281.88000000000000     
   282.00000000000000     
   282.12000000000000     
   282.24000000000001     
   282.36000000000001     
   282.48000000000002     
   282.60000000000002     
   282.72000000000003     
   282.83999999999997     
   282.95999999999998     
   283.07999999999998     
   283.19999999999999     
   283.31999999999999     
   283.44000000000000     
   283.56000000000000     
   283.68000000000001     
   283.80000000000001     
   283.92000000000002     
   284.04000000000002     
   284.16000000000003     
   284.27999999999997     
   284.39999999999998     
   284.51999999999998     
   284.63999999999999     
   284.75999999999999     
   284.88000000000000     
   285.00000000000000     
   285.12000000000000     
   285.24000000000001     
   285.36000000000001     
   285.48000000000002     
   285.60000000000002     
   285.72000000000003     
   285.83999999999997     
   285.95999999999998     
   286.07999999999998     
   286.19999999999999     
   286.31999999999999     
   286.44000000000000     
   286.56000000000000     
   286.68000000000001     
   286.80000000000001     
   286.92000000000002     
   287.04000000000002     
   287.16000000000003     
   287.27999999999997     
   287.39999999999998     
   287.51999999999998     
   287.63999999999999     
   287.75999999999999     
   287.88000000000000     
   288.00000000000000     
   288.12000000000000     
   288.24000000000001     
   288.36000000000001     
   288.48000000000002     
   288.60000000000002     
   288.72000000000003     
   288.83999999999997     
   288.95999999999998     
   289.07999999999998     
   289.19999999999999     
   289.31999999999999     
   289.44000000000000     
   289.56000000000000     
   289.68000000000001     
   289.80000000000001     
   289.92000000000002     
   290.04000000000002     
   290.16000000000003     
   290.27999999999997     
   290.39999999999998     
   290.51999999999998     
   290.63999999999999     
   290.75999999999999     
   290.88000000000000     
   291.00000000000000     
   291.12000000000000     
   291.24000000000001     
   291.36000000000001     
   291.48000000000002     
   291.60000000000002     
   291.72000000000003     
   291.83999999999997     
   291.95999999999998     
   292.07999999999998     
   292.19999999999999     
   292.31999999999999     
   292.44000000000000     
   292.56000000000000     
   292.68000000000001     
   292.80000000000001     
   292.92000000000002     
   293.04000000000002     
   293.16000000000003     
   293.27999999999997     
   293.39999999999998     
   293.51999999999998     
   293.63999999999999     
   293.75999999999999     
   293.88000000000000     
   294.00000000000000     
   294.12000000000000     
   294.24000000000001     
   294.36000000000001     
   294.48000000000002     
   294.60000000000002     
   294.72000000000003     
   294.83999999999997     
   294.95999999999998     
   295.07999999999998     
   295.19999999999999     
   295.31999999999999     
   295.44000000000000     
   295.56000000000000     
   295.68000000000001     
   295.80000000000001     
   295.92000000000002     
   296.04000000000002     
   296.16000000000003     
   296.27999999999997     
   296.39999999999998     
   296.51999999999998     
   296.63999999999999     
   296.75999999999999     
   296.88000000000000     
   297.00000000000000     
   297.12000000000000     
   297.24000000000001     
   297.36000000000001     
   297.48000000000002     
   297.60000000000002     
   297.72000000000003     
   297.83999999999997     
   297.95999999999998     
   298.07999999999998     
   298.19999999999999     
   298.31999999999999     
   298.44000000000000     
   298.56000000000000     
   298.68000000000001     
   298.80000000000001     
   298.92000000000002     
   299.04000000000002     
   299.16000000000003     
   299.27999999999997     
   299.39999999999998     
   299.51999999999998     
   299.63999999999999     
   299.75999999999999     
   299.88000000000000     
   300.00000000000000     
   300.12000000000000     
   300.24000000000001     
   300.36000000000001     
   300.48000000000002     
   300.60000000000002     
   300.72000000000003     
   300.83999999999997     
   300.95999999999998     
   301.07999999999998     
   301.19999999999999     
   301.31999999999999     
   301.44000000000000     
   301.56000000000000     
   301.68000000000001     
   301.80000000000001     
   301.92000000000002     
   302.04000000000002     
   302.15999999999997     
   302.27999999999997     
   302.39999999999998     
   302.51999999999998     
   302.63999999999999     
   302.75999999999999     
   302.88000000000000     
   303.00000000000000     
   303.12000000000000     
   303.24000000000001     
   303.36000000000001     
   303.48000000000002     
   303.60000000000002     
   303.72000000000003     
   303.84000000000003     
   303.95999999999998     
   304.07999999999998     
   304.19999999999999     
   304.31999999999999     
   304.44000000000000     
   304.56000000000000     
   304.68000000000001     
   304.80000000000001     
   304.92000000000002     
   305.04000000000002     
   305.15999999999997     
   305.27999999999997     
   305.39999999999998     
   305.51999999999998     
   305.63999999999999     
   305.75999999999999     
   305.88000000000000     
   306.00000000000000     
   306.12000000000000     
   306.24000000000001     
   306.36000000000001     
   306.48000000000002     
   306.60000000000002     
   306.72000000000003     
   306.84000000000003     
   306.95999999999998     
   307.07999999999998     
   307.19999999999999     
   307.31999999999999     
   307.44000000000000     
   307.56000000000000     
   307.68000000000001     
   307.80000000000001     
   307.92000000000002     
   308.04000000000002     
   308.15999999999997     
   308.27999999999997     
   308.39999999999998     
   308.51999999999998     
   308.63999999999999     
   308.75999999999999     
   308.88000000000000     
   309.00000000000000     
   309.12000000000000     
   309.24000000000001     
   309.36000000000001     
   309.48000000000002     
   309.60000000000002     
   309.72000000000003     
   309.84000000000003     
   309.95999999999998     
   310.07999999999998     
   310.19999999999999     
   310.31999999999999     
   310.44000000000000     
   310.56000000000000     
   310.68000000000001     
   310.80000000000001     
   310.92000000000002     
   311.04000000000002     
   311.15999999999997     
   311.27999999999997     
   311.39999999999998     
   311.51999999999998     
   311.63999999999999     
   311.75999999999999     
   311.88000000000000     
   312.00000000000000     
   312.12000000000000     
   312.24000000000001     
   312.36000000000001     
   312.48000000000002     
   312.60000000000002     
   312.72000000000003     
   312.84000000000003     
   312.95999999999998     
   313.07999999999998     
   313.19999999999999     
   313.31999999999999     
   313.44000000000000     
   313.56000000000000     
   313.68000000000001     
   313.80000000000001     
   313.92000000000002     
   314.04000000000002     
   314.15999999999997     
   314.27999999999997     
   314.39999999999998     
   314.51999999999998     
   314.63999999999999     
   314.75999999999999     
   314.88000000000000     
   315.00000000000000     
   315.12000000000000     
   315.24000000000001     
   315.36000000000001     
   315.48000000000002     
   315.60000000000002     
   315.72000000000003     
   315.84000000000003     
   315.95999999999998     
   316.07999999999998     
   316.19999999999999     
   316.31999999999999     
   316.44000000000000     
   316.56000000000000     
   316.68000000000001     
   316.80000000000001     
   316.92000000000002     
   317.04000000000002     
   317.15999999999997     
   317.27999999999997     
   317.39999999999998     
   317.51999999999998     
   317.63999999999999     
   317.75999999999999     
   317.88000000000000     
   318.00000000000000     
   318.12000000000000     
   318.24000000000001     
   318.36000000000001     
   318.48000000000002     
   318.60000000000002     
   318.72000000000003     
   318.84000000000003     
   318.95999999999998     
   319.07999999999998     
   319.19999999999999     
   319.31999999999999     
   319.44000000000000     
   319.56000000000000     
   319.68000000000001     
   319.80000000000001     
   319.92000000000002     
   320.04000000000002     
   320.15999999999997     
   320.27999999999997     
   320.39999999999998     
   320.51999999999998     
   320.63999999999999     
   320.75999999999999     
   320.88000000000000     
   321.00000000000000     
   321.12000000000000     
   321.24000000000001     
   321.36000000000001     
   321.48000000000002     
   321.60000000000002     
   321.72000000000003     
   321.84000000000003     
   321.95999999999998     
   322.07999999999998     
   322.19999999999999     
   322.31999999999999     
   322.44000000000000     
   322.56000000000000     
   322.68000000000001     
   322.80000000000001     
   322.92000000000002     
   323.04000000000002     
   323.15999999999997     
   323.27999999999997     
   323.39999999999998     
   323.51999999999998     
   323.63999999999999     
   323.75999999999999     
   323.88000000000000     
   324.00000000000000     
   324.12000000000000     
   324.24000000000001     
   324.36000000000001     
   324.48000000000002     
   324.60000000000002     
   324.72000000000003     
   324.84000000000003     
   324.95999999999998     
   325.07999999999998     
   325.19999999999999     
   325.31999999999999     
   325.44000000000000     
   325.56000000000000     
   325.68000000000001     
   325.80000000000001     
   325.92000000000002     
   326.04000000000002     
   326.15999999999997     
   326.27999999999997     
   326.39999999999998     
   326.51999999999998     
   326.63999999999999     
   326.75999999999999     
   326.88000000000000     
   327.00000000000000     
   327.12000000000000     
   327.24000000000001     
   327.36000000000001     
   327.48000000000002     
   327.60000000000002     
   327.72000000000003     
   327.84000000000003     
   327.95999999999998     
   328.07999999999998     
   328.19999999999999     
   328.31999999999999     
   328.44000000000000     
   328.56000000000000     
   328.68000000000001     
   328.80000000000001     
   328.92000000000002     
   329.04000000000002     
   329.15999999999997     
   329.27999999999997     
   329.39999999999998     
   329.51999999999998     
   329.63999999999999     
   329.75999999999999     
   329.88000000000000     
   330.00000000000000     
