   1000000.0000000000     
   1013911.3857366795     
   1028016.2981264736     
   1042317.4293933042     
   1056817.5092136585     
   1071519.3052376064     
   1086425.6236170656     
   1101539.3095414150     
   1116863.2477805612     
   1132400.3632355570     
   1148153.6214968828     
   1164126.0294104915     
   1180320.6356517298     
   1196740.5313072435     
   1213388.8504649773     
   1230268.7708123815     
   1247383.5142429429     
   1264736.3474711513     
   1282330.5826560217     
   1300169.5780332903     
   1318256.7385564069     
   1336595.5165464422     
   1355189.4123510362     
   1374041.9750125152     
   1393156.8029453033     
   1412537.5446227544     
   1432187.8992735436     
   1452111.6175877422     
   1472312.5024327189     
   1492794.4095789960     
   1513561.2484362081     
   1534616.9827992944     
   1555965.6316050745     
   1577611.2696993488     
   1599558.0286146689     
   1621810.0973589299     
   1644371.7232149316     
   1667247.2125510629     
   1690440.9316432644     
   1713957.3075084253     
   1737800.8287493754     
   1761976.0464116293     
   1786487.5748520507     
   1811340.0926196026     
   1836538.3433483464     
   1862087.1366628676     
   1887991.3490962936     
   1914255.9250210857     
   1940885.8775927781     
   1967886.2897068448     
   1995262.3149688796     
   2023019.1786782714     
   2051162.1788255656     
   2079696.6871036955     
   2108628.1499332893     
   2137962.0895022321     
   2167704.1048196950     
   2197859.8727848250     
   2228435.1492703035     
   2259435.7702209777     
   2290867.6527677733     
   2322736.7963571069     
   2355049.2838960094     
   2387811.2829131773     
   2421029.0467361785     
   2454708.9156850306     
   2488857.3182823909     
   2523480.7724805749     
   2558585.8869056455     
   2594179.3621188141     
   2630267.9918953818     
   2666858.6645214795     
   2703958.3641088437     
   2741574.1719278824     
   2779713.2677592887     
   2818382.9312644536     
   2857590.5433749468     
   2897343.5877013234     
   2937649.6519615310     
   2978516.4294291893     
   3019951.7204020163     
   3061963.4336906769     
   3104559.5881283553     
   3147748.3141013156     
   3191537.8551007616     
   3235936.5692962827     
   3280952.9311311906     
   3326595.5329400450     
   3372873.0865886891     
   3419794.4251370886     
   3467368.5045253164     
   3515604.4052829817     
   3564511.3342624428     
   3614098.6263961336     
   3664375.7464783322     
   3715352.2909717252     
   3767037.9898390882     
   3819442.7084004655     
   3872576.4492161716     
   3926449.3539959979     
   3981071.7055349723     
   4036453.9296760499     
   4092606.5973001090     
   4149540.4263436296     
   4207266.2838444412     
   4265795.1880159266     
   4325138.3103500865     
   4385306.9777498571     
   4446312.6746910866     
   4508167.0454146024     
   4570881.8961487506     
   4634469.1973628812     
   4698941.0860521542     
   4764309.8680541571     
   4830588.0203977274     
   4897788.1936844615     
   4965923.2145033600     
   5035006.0878790468     
   5105049.9997540619     
   5176068.3195056757     
   5248074.6024977257     
   5321082.5926679419     
   5395106.2251512762     
   5470159.6289397161     
   5546257.1295791073     
   5623413.2519034911     
   5701642.7228074744     
   5780960.4740571817     
   5861381.6451402875     
   5942921.5861557266     
   6025595.8607435776     
   6109420.2490557209     
   6194410.7507678149     
   6280583.5881331796     
   6367955.2090791585     
   6456542.2903465563     
   6546361.7406727495     
   6637430.7040190874     
   6729766.5628431775     
   6823386.9414166957     
   6918309.7091893638     
   7014552.9841997121     
   7112135.1365332901     
   7211074.7918289965     
   7311390.8348341743     
   7413102.4130091751     
   7516228.9401820544     
   7620790.1002541203     
   7726805.8509570239     
   7834296.4276621183     
   7943282.3472428154     
   8053784.4119906658     
   8165823.7135859244     
   8279421.6371233417     
   8394599.8651939742     
   8511380.3820237666     
   8629785.4776697047     
   8749837.7522743586     
   8871560.1203796081     
   8994975.8153003510     
   9120108.3935590964     
   9246981.7393822242     
   9375620.0692588035     
   9506047.9365628138     
   9638290.2362397052     
   9772372.2095581070     
   9908319.4489276763     
   10046157.902783951     
   10185913.880541170     
   10327614.057613974     
   10471285.480508996     
   10616955.571987247     
   10764652.136298351     
   10914403.364487566     
   11066237.839776663     
   11220184.543019636     
   11376272.858234311     
   11534532.578210924     
   11694993.910198711     
   11857687.481671603     
   12022644.346174130     
   12189895.989248667     
   12359474.334445106     
   12531411.749414161     
   12705741.052085418     
   12882495.516931342     
   13061708.881318418     
   13243415.351946650     
   13427649.611378636     
   13614446.824659497     
   13803842.646028847     
   13995873.225726178     
   14190575.216890918     
   14387985.782558452     
   14588142.602753483     
   14791083.881682072     
   14996848.355023732     
   15205475.297324954     
   15417004.529495593     
   15631476.426409539     
   15848931.924611133     
   16069412.530128773     
   16292960.326397222     
   16519617.982290151     
   16749428.760264372     
   16982436.524617445     
   17218685.749860067     
   17458221.529205035     
   17701089.583174214     
   17947336.268325265     
   18197008.586099833     
   18450154.191794738     
   18706821.403658006     
   18967059.212111466     
   19230917.289101586     
   19498445.997580454     
   19769696.401118610     
   20044720.273651615     
   20323570.109362219     
   20606299.132700007     
   20892961.308540396     
   21183611.352485023     
   21478304.741305344     
   21777097.723531589     
   22080047.330189005     
   22387211.385683399     
   22698648.518838223     
   23014418.174085092     
   23334580.622810032     
   23659196.974857591     
   23988329.190194901     
   24322040.090738144     
   24660393.372343384     
   25003453.616964307     
   25351286.304979071     
   25703957.827688634     
   26061535.499988951     
   26424087.573219460     
   26791683.248190314     
   27164392.688390821     
   27542287.033381663     
   27925438.412373379     
   28313919.957993791     
   28707805.820246909     
   29107171.180666052     
   29512092.266663857     
   29922646.366081890     
   30338911.841942705     
   30760968.147407081     
   31188895.840939369     
   31622776.601683792     
   32062693.245054662     
   32508729.738543436     
   32960971.217745781     
   33419504.002611425     
   33884415.613920256     
   34355794.789987460     
   34833731.503601179     
   35318316.979195699     
   35809643.710263610     
   36307805.477010138     
   36812897.364253148     
   37325015.779572062     
   37844258.471709341     
   38370724.549227878     
   38904514.499428071     
   39445730.207527854     
   39994474.976109758     
   40550853.544838391     
   41114972.110452235     
   41686938.347033553     
   42266861.426560283     
   42854852.039743938     
   43451022.417157143     
   44055486.350655325     
   44668359.215096302     
   45289757.990362071     
   45919801.283686854     
   46558609.352295890     
   47206304.126359046     
   47863009.232263826     
   48528850.016212098     
   49203953.568145089     
   49888448.746001214     
   50582466.200311400     
   51286138.399136484     
   51999599.653351597     
   52722986.142282277     
   53456435.939697169     
   54200089.040162385     
   54954087.385762453     
   55718574.893192984     
   56493697.481230259     
   57279603.098582923     
   58076441.752131209     
   58884365.535558902     
   59703528.658383690     
   60534087.475391358     
   61376200.516479425     
   62230028.516915947     
   63095734.448019326     
   63973483.548264824     
   64863443.354823843     
   65765783.735542059     
   66680676.921362221     
   67608297.539198190     
   68548822.645266175     
   69502431.758879691     
   70469306.896714717     
   71449632.607551351     
   72443596.007499024     
   73451386.815711513     
   74473197.390598923     
   75509222.766543373     
   76559660.691125616     
   77624711.662869155     
   78704578.969509855     
   79799468.726797640     
   80909589.917838216     
   82035154.432981819     
   83176377.110267088     
   84333475.776427522     
   85506671.288468331     
   86696187.575821653     
   87902251.683088422     
   89125093.813374549     
   90364947.372230127     
   91622049.012199968     
   92896638.677993640     
   94188959.652284130     
   95499258.602143586     
   96827785.626124904     
   98174794.301998436     
   99540541.735152707     
   100925288.60766844     
   102329299.22807536     
   103752841.58180127     
   105196187.38232224     
   106659612.12302579     
   108143395.12979376     
   109647819.61431850     
   111173172.72815908     
   112719745.61755106     
   114287833.47897711     
   115877735.61551262     
   117489755.49395292     
   119124200.80273750     
   120781383.51067798     
   122461619.92650490     
   124165230.75924107     
   125892541.17941675     
   127643880.88113435     
   129419584.14499862     
   131219989.90192029     
   133045441.79780914     
   134896288.25916532     
   136772882.55958495     
   138675582.88718882     
   140604752.41299143     
   142560759.36021879     
   144543977.07459280     
   146554784.09559116     
   148593564.22870076     
   150660706.61867416     
   152756605.82380733     
   154881661.89124811     
   157036280.43335530     
   159220872.70511699     
   161435855.68264872     
   163681652.14278084     
   165958690.74375615     
   168267406.10704672     
   170608238.90031245     
   172981635.92151016     
   175388050.18417621     
   177827941.00389227     
   180301774.08595678     
   182810021.61427426     
   185353162.34148103     
   187931681.68032685     
   190546071.79632464     
   193196831.70169243     
   195884467.35059890     
   198609491.73573714     
   201372424.98623875     
   204173794.46695295     
   207014134.87910414     
   209893988.36235243     
   212813904.59827113     
   215774440.91526666     
   218776162.39495519     
   221819641.98002195     
   224905460.58357805     
   228034207.20004186     
   231206479.01755941     
   234422881.53199226     
   237684028.66248760     
   240990542.86865956     
   244343055.26939714     
   247742205.76332864     
   251188643.15095797     
   254683025.25850418     
   258226019.06345955     
   261818300.82189861     
   265460556.19755390     
   269153480.39269167     
   272897778.28080404     
   276694164.54115129     
   280543363.79517132     
   284446110.74479169     
   288403150.31266057     
   292415237.78433365     
   296483138.95243424     
   300607630.26282316     
   304789498.96279830     
   309029543.25135922     
   313328572.43155855     
   317687407.06497693     
   322106879.12834346     
   326587832.17233562     
   331131121.48259109     
   335737614.24295449     
   340408189.70100087     
   345143739.33585608     
   349945167.02835733     
   354813389.23357534     
   359749335.15574235     
   364753946.92560762     
   369828179.78026628     
   374973002.24548340     
   380189396.32056129     
   385478357.66577166     
   390840895.79240209     
   396278034.25543928     
   401790810.84894001     
   407380277.80411261     
   413047501.99016142     
   418793565.11791825     
   424619563.94631302     
   430526610.49171054     
   436515832.24016613     
   442588372.36262643     
   448745389.93313229     
   454988060.15004849     
   461317574.56037956     
   467735141.28719813     
   474241985.26024479     
   480839348.44972849     
   487528490.10338652     
   494310686.98683536     
   501187233.62727249     
   508159442.56056046     
   515228644.58175671     
   522396188.99911976     
   529663443.89165807     
   537031796.37025261     
   544502652.84242141     
   552077439.28075731     
   559757601.49511039     
   567544605.40854716     
   575439937.33715665     
   583445104.27374470     
   591561634.17547369     
   599791076.25550950     
   608135001.27871764     
   616595001.86148214     
   625172692.77568555     
   633869711.25692701     
   642687717.31701946     
   651628394.06084275     
   660693448.00759578     
   669884609.41652644     
   679203632.61718428     
   688652296.34427619     
   698232404.07717121     
   707945784.38413811     
   717794291.27136159     
   727779804.53682423     
   737904230.12910068     
   748169500.51115453     
   758577575.02918351     
   769130440.28660989     
   779830110.52325857     
   790678627.99982536     
   801678063.38767898     
   812830516.16409957     
   824138115.01300216     
   835603018.23124826     
   847227414.14059639     
   859013521.50539601     
   870963589.95608056     
   883079900.41856301     
   895364765.54959369     
   907820530.17818606     
   920449571.75317121     
   933254300.79699147     
   946237161.36579299     
   959400631.51593363     
   972747223.77696502     
   986279485.63121092     
   1000000000.0000000     
